         39551,   47891,   48285,   62212,   78103,   78497,   78585,
         79069,   79340,   85908,   91370,   91555,   92262,   92433,
         99706,  107553,  123556,  130963,  177223,  198346,  214250,
        214363,  228918,  230675,  237653,  238812,  239750,  251989,
        252017,  261961,  262218,  263195,  263200,  278072,  297811,
        319146,  320416,  342647,  362485,  367231,  375530,  422807,
        425661,  460606,  485654,  486102,  492626,  505699,  505940,
        537226,  545700,  549251,  567964,  592134,  593469,  619120,
        690956,  691125,  691659,  691895,  692361,  692982,  694025,
        694505,  695368,  695393,  695793,  695978,  696328,  696469,
        697283,  697434,  697476,  703824,  708120,  708348,  708454,
        714079,  714145,  714186,  714620,  714706,  714942,  716684,
        716851,  718870,  718921,  719090,  720582,  722441,  723719,
        723792,  723922,  724113,  726107,  727105,  727686,  739692,
        740153,  740154,  740199,  740269,  740730,  743296,  744501,
        745074,  745679,  747038,  748820,  749208,  749369,  750478,
        751516,  765202,  766358,  771398,  771951,  777324,  779907,
        783969,  787309,  793957,  806553,  822333,  833840,  833965,
        838842,  851331,  852031,  855210,  858052,  866718,  875929,
        878116,  882810,  903392,  904712,  912905,  925508,  927130,
        954374,  955821,  957012, 3163985, 3221648, 3587840, 3593028,
       3606048, 3612913, 3616928, 3617901, 3858387, 3880859, 3887699,
       3888143, 3919372, 4013245, 4032230, 4155902, 4270755, 4327434