#RA DEC OIII errOIII LAGN*1e-43 LAGNmax*1e-43 outmol outmolAGN
    138.0242400      0.4489850     96.3827820     23.1233883      2.2469814      3.3251372      7.0443978     11.9518713
    138.7031900     -0.5927730    140.4926147     39.1121330      3.2103034      4.9977541      0.9583936      6.2056984
    135.9669200     -0.8980880   5784.2329102    778.9070435    490.1771344    622.1920199      2.5086713    738.9489301
    137.7129400      2.0227050      1.4669478     20.7331390      0.0344294      1.0076481      0.9802657      2.5653874
    135.6431200      1.4218610    -21.8696556     23.6864929     -2.3637411      2.7564801      0.1552543      1.7574656
    136.6987900      1.2653570     12.4663877     15.1274786      2.2252484      7.6257537      6.0512323     14.9121168
    135.2552700     -0.9283020   -120.1804428     19.6833744     -7.6131905     -5.1193857      0.7706264           -NaN
    135.6616100      1.5482680     67.6056366     17.7139282      7.3504442     11.2023491      2.8499928     16.9889017
    135.5966100      1.1194130     17.1397247     15.8156309      5.9653589     16.9743939      1.4778949     13.6057864
    136.8287500     -0.8695420   1376.6793213     13.7333460     37.0588178     37.7981934      4.9790206    111.9296447
    138.3853700      0.1088880    101.0462265     14.8824768     43.2597457     56.0026691      0.4196080     51.6682101
    137.5964100      1.6732600    -17.9059048     11.8253345     -2.7599406      0.8854737      0.0330251      0.5282822
    137.4679500     -0.5055080    832.0260620     23.3210602     15.2263493     16.0799154      0.0815162     21.7675727
    134.8156000      0.3914900   3887.8337402     51.2478447      3.8174918      3.9181331      0.3251201     21.3035935
    136.4646100      1.1312030   -199.1998138     35.4122467     -4.2660537     -2.7492798      0.0223071           -NaN
    136.3421100     -0.9904970    -54.7002335     19.6259441     -4.1746626     -1.1790010      0.3770022           -NaN
    136.9682100      1.4959350    -88.5017090     48.6344604     -7.5074261      0.7437054      0.3540329      0.7324450
    134.7173600      1.1067140    -37.6024818     22.5361633     -4.2743669      0.8491157      1.1103084      1.8258739
    137.6576900      1.9483920    119.2655716     12.7474899     51.7438797     62.8049860      5.9957519     74.0763745
    137.3724600      2.0576310    -95.4081039     18.0666409    -16.6734778    -10.3588416      0.1116719           -NaN
    136.5752100     -0.4152850    -20.1880627     19.1345482     -4.9427000      4.4268302      1.4623245      4.5726479
    135.7482200      2.0128480     15.8066502      4.0022440      0.6230530      0.9385670      0.1112356      0.9632414
    134.8921100      0.6081930    -19.0209408      5.4956012    -11.1081622     -4.6893389      0.3826872           -NaN
    134.6751600      1.1656560    -47.6500626     21.0693798     -5.5434704     -0.6411690      0.2556488           -NaN
    134.9343500      1.2856290     -4.3672900      6.1994853     -0.9705431      1.7848808      0.0555960      1.0903685
    136.6453200      2.1313820    -23.3305168      9.4683075    -11.9427568     -2.2492130      0.7605778           -NaN
    135.5442000      0.8016480    -32.9677505     13.7708549    -10.9225866     -1.7977083      5.1433244      3.5489610
    134.3644300      1.1464200    -85.1119995     22.2814026     -3.2962510     -1.5704052      0.1624964           -NaN
    138.4977900      0.1527560      1.5496252      6.8459353      0.3617885      3.5584078      0.1665113      3.1845450
    135.6530400      1.3193630     -2.8096111     19.8844147     -0.1964552      2.5842826      0.0126516      1.3484322
    137.2066200     -0.3127990     25.1577797     12.4550486     10.0864840     20.0736649      1.2692404     15.1294312
    138.6470500     -0.6555070     -8.4687662     11.0068035     -7.3590149     11.7699182      6.9333649     14.6964091
    138.5402900      0.0775770    -17.3754768      8.3333807     -3.8763820     -0.1581109      0.8486799      0.7339004
    137.4122900     -0.9649600      1.2661546     13.6632490      0.1842594      4.1609959      0.0400538      3.6277240
    138.3159400      0.7458810   1347.6096191     20.0603313    573.6801165    590.7595630      1.2272801    637.8461879
    137.4001000      2.5567520    -10.5965471     21.4221420     -2.3645398      7.1958401      1.1615658      8.1615563
    137.7259600      0.9152080    -10.3503304     15.9539089     -2.2570073      4.7008555      0.8276443      4.3889938
    137.9316200      1.3482990     -7.4766870     17.7339039     -0.2950486      1.1045990      0.1222768      1.0144868
    135.7929800      1.7093580     23.9801025     18.4359932      5.1552200     13.0819252      1.6067337     15.3661331
    134.8185300      0.8718180      0.2273052      5.1877313      0.1141222      5.3232883      3.4185648      8.4717486
    134.9498800     -0.3620920   1595.7828369     28.5836487    189.0893450    195.8632785      0.1091048    189.3608647
    136.0582600     -0.7348880    -11.9791222      5.3086028     -3.9157985     -0.4451904      0.0406671           -NaN
    134.6189200      0.6374380   1215.1906738     39.4113350     26.1653608     27.8625625      0.2510983     24.3066069
    135.1584100      1.4696150   -161.0924225     35.3414307     -3.4483957     -1.9353359      0.2400181           -NaN
    134.9448900     -0.0056600   1165.9318848    645.4154663     25.5090915     53.7508137      0.1656700     53.6670235
    137.2994100      0.0081520     48.1347542     20.6072159      2.1815264      4.0494153      0.1117233      3.7343178
    136.7040000     -0.8499250     -3.3647954     14.9023981     -0.6653068      5.2278700      0.1070640      3.1658676
    135.8019200     -0.7525580   -189.2130432     44.6034431     -3.4653585     -1.8315714      0.2225071           -NaN
    137.4354200      2.3501080    -43.2168579     22.3802986     -1.0118274      0.0361433      0.0123437      0.0320501
    136.5929300      1.0040400    -35.0841904     23.1098785     -1.4082833      0.4469829      0.1034770      0.4327281
    134.6131000      1.0739120    -11.7152824     14.2710886     -0.4748325      0.6820114      0.0058809      0.5674770
    136.4319000      1.1317150    -50.7386322     17.7179413     -1.0235158     -0.3086919      0.0215003           -NaN
    136.4492300      0.1934950    -14.6573992      6.3195429     -3.0465159     -0.4195031      0.1085285           -NaN
    138.2982600      0.2721620     -3.8841584      5.6536069     -0.8720782      1.6666377      0.0376135      1.1503324
    134.4095100      1.1280340    -34.2846756     17.6422100     -1.4052831      0.0409782      0.0362446      0.0640595
    136.6926600     -0.7483020    121.3787460     15.9632578     24.2358382     30.6106434      0.3065801     23.5957773
    137.9354500      1.4978430    -11.3277369      7.0655446     -2.7929010      0.6911783      0.3150240      0.7311845
    135.0572400      0.6942680      1.7984148      7.1442475      0.9032300      8.0794371      0.0668565      8.2147424
    136.7807100      0.1348280    113.2338257      6.6490197      9.3190787     10.4134997      0.0942201     14.2498787
    138.1277700     -0.9116750     -8.9714565      8.0021791     -1.9025700      1.4914622      0.1617126      1.1523384
    134.8935100     -0.0822530     -3.3256752      5.1405587     -0.8307620      1.7374868      0.0854956      1.2513466
